Calculating SG values for any split with M = 3
0
0
0
1
0
2
3
4
0
5
1
6
2
3
8
9
0
10
6
7
5
8
4
11
10
6
16
12
8
13
11
10
6
16
17
19
18
11
21
6
16
23
19
18
25
24
20
4
23
22
29
25
21
20
4
23
26
32
10
28
34
4
23
33
32
37
35
26
4
10
40
32
42
35
34
44
37
45
46
47
48
34
49
50
51
52
53
54
55
56
57
58
59
60
26
61
62
11
28
64
65
26
66
67
20
68
64
65
70
66
67
72
19
69
74
70
71
73
72
19
75
74
70
77
76
72
79
75
74
70
80
81
83
82
84
85
88
80
87
83
82
91
89
88
93
87
92
30
96
85
97
98
87
99
100
101
102
103
104
87
105
106
107
108
109
110
111
112
113
114
115
116
117
118
119
120
121
122
123
124
125
126
127
128
129
130
131
132
133
134
135
136
137
138
139
140
141
142
143
144
145
146
147
148
48
149
150
151
50
81
152
153
154
155
156
157
158
159
160
161
162
163
164
165
166
167
168
169
170
171
172
173
174
175
176
177
178
179
180
181
182
183
184
185
186
187
188
189
190
191
192
193
62
54
194
195
196
192
193
198
199
200
55
196
197
202
203
51
59
60
57
206
207
208
209
204
205
210
211
212
213
214
215
216
217
218
219
220
26
221
222
223
224
225
226
227
228
229
230
231
