Calculating SG values for fixed split with M = 3
0
0
0
0
0
0
1
1
1
2
2
2
3
0
3
4
4
4
1
1
5
5
6
6
6
7
7
7
8
8
8
5
5
9
9
10
10
10
11
11
11
12
12
12
9
9
1
13
14
4
14
15
15
12
16
16
16
13
13
4
17
18
18
18
19
19
6
20
20
20
17
17
17
21
22
22
22
23
23
20
24
24
24
21
21
21
25
26
26
26
27
27
24
28
28
28
25
25
8
29
30
30
30
31
31
10
32
32
32
29
29
29
33
34
34
34
35
35
32
36
36
36
33
33
33
37
38
38
38
39
39
36
40
40
40
37
37
37
13
13
42
42
43
43
15
44
44
14
14
41
41
45
46
46
46
47
47
44
48
48
48
45
45
45
49
50
50
50
51
51
48
52
52
52
49
49
49
53
54
54
54
55
55
52
18
56
56
53
53
53
57
57
58
58
59
59
56
60
60
60
61
57
40
62
62
62
63
63
63
42
64
64
64
65
65
65
66
66
66
67
67
67
68
68
68
69
22
69
70
70
70
71
71
71
72
72
72
73
73
73
74
74
74
75
75
75
76
76
76
77
77
77
78
78
78
79
79
79
80
80
80
81
81
81
82
82
82
83
83
83
84
84
84
85
85
85
86
86
86
87
87
87
88
88
88
89
89
89
90
90
90
91
91
91
92
92
92
93
93
93
