Calculating SG values for fixed split with M = 2
0
0
0
1
0
2
1
0
2
1
0
2
1
3
2
1
3
2
4
3
0
4
3
0
4
3
0
4
1
2
3
1
2
4
1
2
4
1
2
4
1
5
4
1
5
4
1
5
4
1
0
2
1
0
2
1
5
2
1
3
2
1
3
2
4
3
2
4
3
2
4
3
2
4
3
2
4
3
2
4
5
2
4
5
2
4
3
7
4
3
7
4
3
7
4
3
5
2
3
5
2
3
5
2
3
5
2
3
5
2
3
5
2
3
5
2
3
5
2
3
5
2
3
5
2
4
5
2
4
5
2
4
5
2
4
5
2
4
8
2
4
8
2
4
3
2
6
3
2
6
3
2
6
3
2
8
3
2
11
3
2
11
3
2
11
3
2
11
3
2
8
3
5
8
3
5
7
3
5
7
3
12
7
3
8
7
3
8
7
3
12
5
3
12
5
3
10
5
3
4
5
3
4
2
3
4
2
3
4
2
3
4
2
3
4
2
3
4
2
3
4
2
3
4
2
3
4
2
3
4
2
10
1
2
5
1
2
5
1
2
5
3
2
5
3
4
5
3
4
5
3
4
5
3
4
2
3
4
2
3
4
2
3
4
2
3
4
2
3
4
0
3
4
0
3
4
0
3
4
2
3
1
0
14
1
0
14
1
0
5
1
13
5
1
13
5
1
13
2
1
